Step,Light1,Light2,Light3,Light4,Light5,Light6,Light7,Light8,Light9,Light10,Light11,Light12
0,20,20,20,20,20,20,20,20,20,20,20,20
1,20,20,20,20,20,20,20,20,20,20,20,20
2,19,21,19,21,20,20,20,20,20,19,19,20
3,19,21,19,21,20,20,20,20,20,19,19,20
4,20,21,18,21,21,21,20,20,21,18,20,20
5,20,21,18,21,21,21,20,20,21,18,20,20
6,20,22,19,21,22,21,21,20,23,19,20,21
7,20,22,19,21,22,21,21,20,23,19,20,21
8,20,23,20,24,21,21,22,20,25,19,20,21
9,20,23,20,24,21,21,22,20,25,19,20,21
10,20,23,20,24,23,21,22,20,26,19,20,21
11,20,23,20,24,23,21,22,20,26,19,20,21
12,21,24,18,24,25,21,22,20,29,18,20,22
13,21,24,18,24,25,21,22,20,29,18,20,22
14,22,25,18,26,26,21,21,20,29,18,19,22
15,22,25,18,26,26,21,21,20,29,18,19,22
16,23,26,18,26,28,20,22,19,31,19,19,22
17,23,26,18,26,28,20,22,19,31,19,19,22
18,22,27,19,28,29,20,22,20,33,19,20,23
19,22,27,19,28,29,20,22,20,33,19,20,23
20,23,27,18,29,32,20,22,20,35,20,21,23
21,23,27,18,29,32,20,22,20,35,20,21,23
22,24,28,19,30,32,21,22,21,38,20,21,24
23,24,28,19,30,32,21,22,21,38,20,21,24
24,24,27,19,33,32,20,23,21,40,19,21,25
25,24,27,19,33,32,20,23,21,40,19,21,25
26,24,28,18,36,35,20,23,22,43,19,21,27
27,24,28,18,36,35,20,23,22,43,19,21,27
28,25,28,18,41,37,20,23,22,48,18,21,28
29,25,28,18,41,37,20,23,22,48,18,21,28
30,26,28,19,43,39,20,22,23,49,19,20,30
31,26,28,19,43,39,20,22,23,49,19,20,30
32,27,29,19,43,43,19,23,24,55,20,20,30
33,27,29,19,43,43,19,23,24,55,20,20,30
34,27,30,18,45,44,20,24,25,61,18,20,30
35,27,30,18,45,44,20,24,25,61,18,20,30
36,27,31,19,44,45,20,23,26,66,19,20,30
37,27,31,19,44,45,20,23,26,66,19,20,30
38,27,32,19,45,45,20,24,26,67,20,20,31
39,27,32,19,45,45,20,24,26,67,20,20,31
40,28,32,18,45,46,20,24,26,73,19,21,31
41,28,32,18,45,46,20,24,26,73,19,21,31
42,29,33,20,45,46,21,24,28,76,19,21,32
43,29,33,20,45,46,21,24,28,76,19,21,32
44,29,33,19,50,49,21,25,29,81,19,22,33
45,29,33,19,50,49,21,25,29,81,19,22,33
46,29,35,18,51,54,21,25,29,82,19,21,33
47,29,35,18,51,54,21,25,29,82,19,21,33
48,29,36,18,52,57,20,25,29,80,18,22,33
49,29,36,18,52,57,20,25,29,80,18,22,33
50,31,39,19,54,57,21,26,28,82,19,21,32
51,31,39,19,54,57,21,26,28,82,19,21,32
52,32,40,19,56,59,21,26,28,80,19,20,33
53,32,40,19,56,59,21,26,28,80,19,20,33
54,33,39,18,60,61,19,26,29,81,18,22,32
55,33,39,18,60,61,19,26,29,81,18,22,32
56,33,39,19,60,59,19,27,27,79,18,22,34
57,33,39,19,60,59,19,27,27,79,18,22,34
58,33,39,18,63,60,19,27,26,78,18,22,33
59,33,39,18,63,60,19,27,26,78,18,22,33
60,33,39,17,60,61,17,26,27,80,17,22,33
61,33,39,17,60,61,17,26,27,80,17,22,33
62,33,40,17,61,59,19,25,26,80,16,21,32
63,33,40,17,61,59,19,25,26,80,16,21,32
64,32,40,16,60,62,17,26,27,78,16,22,32
65,32,40,16,60,62,17,26,27,78,16,22,32
66,33,40,15,60,60,19,26,26,80,16,22,32
67,33,40,15,60,60,19,26,26,80,16,22,32
68,32,39,15,62,62,18,25,27,81,15,21,32
69,32,39,15,62,62,18,25,27,81,15,21,32
70,32,39,14,63,62,18,25,27,80,15,22,31
71,32,39,14,63,62,18,25,27,80,15,22,31
72,32,40,15,62,61,18,25,25,78,16,22,33
73,32,40,15,62,61,18,25,25,78,16,22,33
74,31,39,14,63,61,19,23,27,82,15,21,33
75,31,39,14,63,61,19,23,27,82,15,21,33
76,31,40,15,64,59,19,22,26,82,15,22,33
77,31,40,15,64,59,19,22,26,82,15,22,33
78,31,40,14,65,58,19,23,26,82,15,22,34
79,31,40,14,65,58,19,23,26,82,15,22,34
80,31,39,13,63,60,17,22,26,81,15,21,33
81,31,39,13,63,60,17,22,26,81,15,21,33
82,31,40,13,62,59,17,23,26,85,14,20,34
83,31,40,13,62,59,17,23,26,85,14,20,34
84,32,40,13,66,61,17,23,27,78,15,20,35
85,32,40,13,66,61,17,23,27,78,15,20,35
86,31,39,13,65,57,17,24,27,79,15,21,35
87,31,39,13,65,57,17,24,27,79,15,21,35
88,31,40,12,64,58,17,24,26,82,14,20,33
89,31,40,12,64,58,17,24,26,82,14,20,33
90,32,37,12,65,58,16,23,26,82,13,20,33
91,32,37,12,65,58,16,23,26,82,13,20,33
92,31,39,12,67,60,17,24,26,80,12,20,33
93,31,39,12,67,60,17,24,26,80,12,20,33
94,31,38,12,67,55,17,24,26,83,12,20,34
95,31,38,12,67,55,17,24,26,83,12,20,34
96,30,40,12,63,59,17,23,27,84,13,19,35
97,30,40,12,63,59,17,23,27,84,13,19,35
98,31,38,12,67,54,16,23,26,82,13,19,34
99,31,38,12,67,54,16,23,26,82,13,19,34
100,32,37,12,66,55,16,23,26,85,12,19,33
101,32,37,12,66,55,16,23,26,85,12,19,33
102,32,39,12,64,56,16,24,26,83,12,19,34
103,32,39,12,64,56,16,24,26,83,12,19,34
104,31,39,12,67,58,15,23,26,86,12,19,32
105,31,39,12,67,58,15,23,26,86,12,19,32
106,31,39,12,65,58,15,22,26,86,12,19,31
107,31,39,12,65,58,15,22,26,86,12,19,31
108,30,37,12,63,56,15,22,25,86,12,18,31
109,30,37,12,63,56,15,22,25,86,12,18,31
110,30,37,12,63,59,14,23,26,87,12,19,31
111,30,37,12,63,59,14,23,26,87,12,19,31
112,29,37,12,65,58,14,22,26,88,12,18,29
113,29,37,12,65,58,14,22,26,88,12,18,29
114,30,38,12,66,59,14,22,26,89,12,18,30
115,30,38,12,66,59,14,22,26,89,12,18,30
116,31,38,12,65,59,13,22,25,89,12,18,29
117,31,38,12,65,59,13,22,25,89,12,18,29
118,31,40,12,68,57,13,23,24,90,12,18,29
119,31,40,12,68,57,13,23,24,90,12,18,29
120,30,39,12,69,58,12,23,25,91,12,19,29
121,30,39,12,69,58,12,23,25,91,12,19,29
122,32,40,12,67,58,12,23,24,88,12,18,28
123,32,40,12,67,58,12,23,24,88,12,18,28
124,33,39,12,67,56,12,22,24,90,12,19,29
125,33,39,12,67,56,12,22,24,90,12,19,29
126,32,39,12,64,54,13,22,24,90,12,19,29
127,32,39,12,64,54,13,22,24,90,12,19,29
128,32,38,12,67,54,12,20,25,93,12,18,28
129,32,38,12,67,54,12,20,25,93,12,18,28
130,32,37,12,67,56,12,20,24,91,12,18,27
131,32,37,12,67,56,12,20,24,91,12,18,27
132,32,36,12,69,55,12,21,24,94,12,17,27
133,32,36,12,69,55,12,21,24,94,12,17,27
134,32,37,12,72,56,12,20,23,96,12,17,27
135,32,37,12,72,56,12,20,23,96,12,17,27
136,32,37,12,71,54,12,21,24,96,12,16,26
137,32,37,12,71,54,12,21,24,96,12,16,26
138,31,37,12,67,58,12,20,24,98,12,16,27
139,31,37,12,67,58,12,20,24,98,12,16,27
140,31,34,12,70,56,12,21,24,96,12,16,27
141,31,34,12,70,56,12,21,24,96,12,16,27
142,30,35,12,70,56,12,21,24,98,12,16,27
143,30,35,12,70,56,12,21,24,98,12,16,27
144,31,34,12,71,56,12,21,23,97,12,16,28
145,31,34,12,71,56,12,21,23,97,12,16,28
146,30,35,12,71,55,12,20,23,97,12,16,26
147,30,35,12,71,55,12,20,23,97,12,16,26
148,29,34,12,72,56,12,21,23,99,12,15,27
149,29,34,12,72,56,12,21,23,99,12,15,27
150,31,34,12,72,55,12,20,22,96,12,16,26
151,31,34,12,72,55,12,20,22,96,12,16,26
152,30,33,12,72,55,12,20,24,99,12,15,26
153,30,33,12,72,55,12,20,24,99,12,15,26
154,31,34,12,73,56,12,20,24,96,12,16,27
155,31,34,12,73,56,12,20,24,96,12,16,27
156,30,33,12,72,54,12,19,23,99,12,15,27
157,30,33,12,72,54,12,19,23,99,12,15,27
158,30,33,12,73,54,12,19,23,97,12,15,26
159,30,33,12,73,54,12,19,23,97,12,15,26
160,29,34,12,75,53,12,18,23,98,12,14,27
161,29,34,12,75,53,12,18,23,98,12,14,27
162,28,34,12,73,53,12,18,23,98,12,15,26
163,28,34,12,73,53,12,18,23,98,12,15,26
164,28,34,12,73,55,12,18,23,99,12,15,26
165,28,34,12,73,55,12,18,23,99,12,15,26
166,28,33,12,75,52,12,18,23,99,12,14,26
167,28,33,12,75,52,12,18,23,99,12,14,26
168,28,32,12,75,51,12,18,23,100,12,14,26
169,28,32,12,75,51,12,18,23,100,12,14,26
170,29,32,12,74,53,12,17,22,98,12,13,26
171,29,32,12,74,53,12,17,22,98,12,13,26
172,27,32,12,75,50,12,18,24,100,12,13,25
173,27,32,12,75,50,12,18,24,100,12,13,25
174,27,32,12,78,53,12,18,23,97,12,13,25
175,27,32,12,78,53,12,18,23,97,12,13,25
176,28,32,12,73,51,12,17,24,103,12,13,25
177,28,32,12,73,51,12,17,24,103,12,13,25
178,27,32,12,74,53,12,18,24,103,12,13,25
179,27,32,12,74,53,12,18,24,103,12,13,25
180,27,31,12,76,49,12,18,23,100,12,12,25
181,27,31,12,76,49,12,18,23,100,12,12,25
182,27,32,12,78,49,12,17,24,105,12,12,26
183,27,32,12,78,49,12,17,24,105,12,12,26
184,27,31,12,74,51,12,17,24,105,12,13,25
185,27,31,12,74,51,12,17,24,105,12,13,25
186,27,32,12,77,52,12,17,24,98,12,13,25
187,27,32,12,77,52,12,17,24,98,12,13,25
188,27,32,12,76,51,12,18,24,98,12,12,26
189,27,32,12,76,51,12,18,24,98,12,12,26
190,26,31,12,75,51,12,17,23,100,12,12,24
191,26,31,12,75,51,12,17,23,100,12,12,24
192,28,31,12,76,51,12,18,23,100,12,13,24
193,28,31,12,76,51,12,18,23,100,12,13,24
194,28,32,12,76,53,12,18,24,103,12,13,24
195,28,32,12,76,53,12,18,24,103,12,13,24
196,28,32,12,76,50,12,18,23,98,12,13,26
197,28,32,12,76,50,12,18,23,98,12,13,26
198,27,32,12,75,51,12,17,23,100,12,13,25
199,27,32,12,75,51,12,17,23,100,12,13,25
200,27,32,12,77,51,12,18,24,100,12,12,25
201,27,32,12,77,51,12,18,24,100,12,12,25
202,26,33,12,75,50,12,18,24,103,12,13,24
203,26,33,12,75,50,12,18,24,103,12,13,24
204,26,31,12,75,51,12,17,23,103,12,13,24
205,26,31,12,75,51,12,17,23,103,12,13,24
206,27,32,12,76,51,12,18,22,105,12,12,25
207,27,32,12,76,51,12,18,22,105,12,12,25
208,26,32,12,77,50,12,17,22,101,12,12,24
209,26,32,12,77,50,12,17,22,101,12,12,24
210,27,31,12,79,51,12,17,22,100,12,12,25
211,27,31,12,79,51,12,17,22,100,12,12,25
212,27,29,12,79,50,12,16,23,103,12,12,23
213,27,29,12,79,50,12,16,23,103,12,12,23
214,26,30,12,79,51,12,16,23,103,12,12,23
215,26,30,12,79,51,12,16,23,103,12,12,23
216,26,31,12,78,50,12,16,24,105,12,12,23
217,26,31,12,78,50,12,16,24,105,12,12,23
218,27,30,12,76,51,12,16,24,102,12,12,23
219,27,30,12,76,51,12,16,24,102,12,12,23
220,26,31,12,74,52,12,15,24,103,12,12,22
221,26,31,12,74,52,12,15,24,103,12,12,22
222,26,31,12,77,51,12,16,24,101,12,12,23
223,26,31,12,77,51,12,16,24,101,12,12,23
224,25,29,12,77,51,12,16,24,101,12,12,21
225,25,29,12,77,51,12,16,24,101,12,12,21
226,26,31,12,75,51,12,15,24,103,12,13,21
227,26,31,12,75,51,12,15,24,103,12,13,21
228,26,31,12,77,52,12,16,24,105,12,12,23
229,26,31,12,77,52,12,16,24,105,12,12,23
230,26,29,12,79,51,12,16,23,105,12,12,22
231,26,29,12,79,51,12,16,23,105,12,12,22
232,25,29,12,78,50,12,15,23,105,12,12,22
233,25,29,12,78,50,12,15,23,105,12,12,22
234,26,30,12,78,52,12,15,23,102,12,12,22
235,26,30,12,78,52,12,15,23,102,12,12,22
236,27,29,12,76,54,12,15,22,105,12,12,21
237,27,29,12,76,54,12,15,22,105,12,12,21
238,28,27,12,75,54,12,15,23,102,12,12,22
239,28,27,12,75,54,12,15,23,102,12,12,22
240,27,28,12,76,54,12,15,23,102,12,12,22
241,27,28,12,76,54,12,15,23,102,12,12,22
242,27,27,12,77,52,12,14,23,105,12,12,22
243,27,27,12,77,52,12,14,23,105,12,12,22
244,27,28,12,74,56,12,15,22,103,12,12,22
245,27,28,12,74,56,12,15,22,103,12,12,22
246,27,29,12,74,53,12,16,23,102,12,12,22
247,27,29,12,74,53,12,16,23,102,12,12,22
248,26,29,12,74,52,12,15,23,105,12,12,21
249,26,29,12,74,52,12,15,23,105,12,12,21
250,27,29,12,74,54,12,15,23,105,12,12,21
251,27,29,12,74,54,12,15,23,105,12,12,21
252,26,29,12,75,54,12,15,23,105,12,12,21
253,26,29,12,75,54,12,15,23,105,12,12,21
254,27,28,12,76,55,12,15,23,105,12,12,21
255,27,28,12,76,55,12,15,23,105,12,12,21
256,28,29,12,77,53,12,15,23,102,12,12,21
257,28,29,12,77,53,12,15,23,102,12,12,21
258,28,28,12,76,52,12,15,23,103,12,12,21
259,28,28,12,76,52,12,15,23,103,12,12,21
260,28,29,12,76,54,12,15,24,105,12,12,21
261,28,29,12,76,54,12,15,24,105,12,12,21
262,27,30,12,75,53,12,15,23,105,12,12,21
263,27,30,12,75,53,12,15,23,105,12,12,21
264,28,29,12,75,53,12,15,23,102,12,12,21
265,28,29,12,75,53,12,15,23,102,12,12,21
266,27,30,12,75,54,12,15,23,102,12,12,21
267,27,30,12,75,54,12,15,23,102,12,12,21
268,28,30,12,77,54,12,15,23,105,12,12,22
269,28,30,12,77,54,12,15,23,105,12,12,22
270,27,28,12,77,52,12,15,23,105,12,12,21
271,27,28,12,77,52,12,15,23,105,12,12,21
272,27,27,12,78,53,12,14,24,105,12,12,21
273,27,27,12,78,53,12,14,24,105,12,12,21
274,26,26,12,79,53,12,14,24,105,12,12,21
275,26,26,12,79,53,12,14,24,105,12,12,21
276,26,25,12,81,54,12,13,23,105,12,12,21
277,26,25,12,81,54,12,13,23,105,12,12,21
278,25,26,12,78,54,12,14,23,105,12,12,21
279,25,26,12,78,54,12,14,23,105,12,12,21
280,25,27,12,81,53,12,13,23,103,12,12,21
281,25,27,12,81,53,12,13,23,103,12,12,21
282,25,26,12,79,52,12,13,23,101,12,12,21
283,25,26,12,79,52,12,13,23,101,12,12,21
284,25,26,12,81,52,12,13,24,105,12,12,21
285,25,26,12,81,52,12,13,24,105,12,12,21
286,25,26,12,78,52,12,14,24,102,12,12,21
287,25,26,12,78,52,12,14,24,102,12,12,21
288,26,25,12,79,52,12,14,23,103,12,12,20
289,26,25,12,79,52,12,14,23,103,12,12,20
290,26,26,12,79,53,12,14,23,105,12,12,21
291,26,26,12,79,53,12,14,23,105,12,12,21
292,26,26,12,79,52,12,14,23,102,12,12,21
293,26,26,12,79,52,12,14,23,102,12,12,21
294,25,26,12,81,52,12,13,24,105,12,12,22
295,25,26,12,81,52,12,13,24,105,12,12,22
296,24,26,12,82,53,12,13,23,105,12,12,22
297,24,26,12,82,53,12,13,23,105,12,12,22
298,26,26,12,79,52,12,13,23,105,12,12,22
299,26,26,12,79,52,12,13,23,105,12,12,22
300,26,27,12,78,52,12,13,23,103,12,12,23
301,26,27,12,78,52,12,13,23,103,12,12,23
302,26,26,12,83,51,12,12,24,105,12,12,21
303,26,26,12,83,51,12,12,24,105,12,12,21
304,24,26,12,78,55,12,13,23,103,12,12,23
305,24,26,12,78,55,12,13,23,103,12,12,23
306,25,26,12,81,54,12,13,24,105,12,12,23
307,25,26,12,81,54,12,13,24,105,12,12,23
308,26,25,12,79,52,12,13,24,105,12,12,23
309,26,25,12,79,52,12,13,24,105,12,12,23
310,26,27,12,78,51,12,13,25,101,12,12,24
311,26,27,12,78,51,12,13,25,101,12,12,24
312,26,26,12,78,53,12,12,23,101,12,12,22
313,26,26,12,78,53,12,12,23,101,12,12,22
314,26,27,12,78,52,12,12,24,105,12,12,23
315,26,27,12,78,52,12,12,24,105,12,12,23
316,26,25,12,79,52,12,12,24,103,12,12,23
317,26,25,12,79,52,12,12,24,103,12,12,23
318,27,27,12,78,51,12,12,23,105,12,12,23
319,27,27,12,78,51,12,12,23,105,12,12,23
320,25,26,12,79,53,12,12,23,105,12,12,23
321,25,26,12,79,53,12,12,23,105,12,12,23
322,26,26,12,83,53,12,12,24,105,12,12,23
323,26,26,12,83,53,12,12,24,105,12,12,23
324,25,26,12,78,55,12,12,24,105,12,12,23
325,25,26,12,78,55,12,12,24,105,12,12,23
326,25,25,12,79,57,12,12,23,103,12,12,22
327,25,25,12,79,57,12,12,23,103,12,12,22
328,25,26,12,76,53,12,12,23,102,12,12,23
329,25,26,12,76,53,12,12,23,102,12,12,23
330,25,25,12,78,56,12,12,24,105,12,12,22
331,25,25,12,78,56,12,12,24,105,12,12,22
332,25,26,12,79,54,12,12,23,103,12,12,22
333,25,26,12,79,54,12,12,23,103,12,12,22
334,25,26,12,78,55,12,12,23,105,12,12,24
335,25,26,12,78,55,12,12,23,105,12,12,24
336,24,25,12,79,53,12,12,23,103,12,12,22
337,24,25,12,79,53,12,12,23,103,12,12,22
338,24,25,12,79,55,12,12,23,105,12,12,23
339,24,25,12,79,55,12,12,23,105,12,12,23
340,23,25,12,79,54,12,12,23,103,12,12,24
341,23,25,12,79,54,12,12,23,103,12,12,24
342,23,24,12,81,56,12,12,23,105,12,12,24
343,23,24,12,81,56,12,12,23,105,12,12,24
344,24,25,12,79,54,12,12,23,105,12,12,24
345,24,25,12,79,54,12,12,23,105,12,12,24
346,24,25,12,80,56,12,12,23,101,12,12,23
347,24,25,12,80,56,12,12,23,101,12,12,23
348,25,26,12,80,55,12,12,24,105,12,12,24
349,25,26,12,80,55,12,12,24,105,12,12,24
350,25,25,12,81,55,12,12,23,105,12,12,24
351,25,25,12,81,55,12,12,23,105,12,12,24
352,25,25,12,79,57,12,12,24,105,12,12,25
353,25,25,12,79,57,12,12,24,105,12,12,25
354,24,24,12,79,56,12,12,22,105,12,12,24
355,24,24,12,79,56,12,12,22,105,12,12,24
356,24,24,12,80,56,12,12,21,105,12,12,24
357,24,24,12,80,56,12,12,21,105,12,12,24
358,24,24,12,79,57,12,12,22,105,12,12,24
359,24,24,12,79,57,12,12,22,105,12,12,24
360,24,24,12,78,58,12,12,21,105,12,12,24
361,24,24,12,78,58,12,12,21,105,12,12,24
362,23,23,12,78,59,12,12,21,105,12,12,23
363,23,23,12,78,59,12,12,21,105,12,12,23
364,24,24,12,80,60,12,12,22,103,12,12,24
365,24,24,12,80,60,12,12,22,103,12,12,24
366,23,24,12,79,60,12,12,21,105,12,12,25
367,23,24,12,79,60,12,12,21,105,12,12,25
368,24,24,12,78,58,12,12,21,102,12,12,25
369,24,24,12,78,58,12,12,21,102,12,12,25
370,22,24,12,80,57,12,12,21,103,12,12,24
371,22,24,12,80,57,12,12,21,103,12,12,24
372,23,23,12,82,57,12,12,21,105,12,12,24
373,23,23,12,82,57,12,12,21,105,12,12,24
374,22,24,12,82,58,12,12,22,105,12,12,25
375,22,24,12,82,58,12,12,22,105,12,12,25
376,21,24,12,80,57,12,12,21,105,12,12,24
377,21,24,12,80,57,12,12,21,105,12,12,24
378,22,24,12,83,58,12,12,21,103,12,12,24
379,22,24,12,83,58,12,12,21,103,12,12,24
380,22,24,12,82,59,12,12,22,105,12,12,24
381,22,24,12,82,59,12,12,22,105,12,12,24
382,21,24,12,78,55,12,12,21,102,12,12,24
383,21,24,12,78,55,12,12,21,102,12,12,24
384,22,24,12,80,56,12,12,22,105,12,12,24
385,22,24,12,80,56,12,12,22,105,12,12,24
386,21,24,12,78,56,12,12,21,103,12,12,25
387,21,24,12,78,56,12,12,21,103,12,12,25
388,21,24,12,78,57,12,12,21,105,12,12,25
389,21,24,12,78,57,12,12,21,105,12,12,25
390,21,23,12,81,56,12,12,21,105,12,12,25
391,21,23,12,81,56,12,12,21,105,12,12,25
392,21,23,12,81,57,12,12,21,103,12,12,24
393,21,23,12,81,57,12,12,21,103,12,12,24
394,20,23,12,80,57,12,12,22,105,12,12,24
395,20,23,12,80,57,12,12,22,105,12,12,24
396,22,22,12,81,56,12,12,22,102,12,12,23
397,22,22,12,81,56,12,12,22,102,12,12,23
398,21,22,12,81,56,12,12,22,105,12,12,23
399,21,22,12,81,56,12,12,22,105,12,12,23
400,22,22,12,83,57,12,12,22,105,12,12,24
401,22,22,12,83,57,12,12,22,105,12,12,24
402,22,23,12,82,56,12,12,22,102,12,12,24
403,22,23,12,82,56,12,12,22,102,12,12,24
404,22,23,12,82,56,12,12,21,105,12,12,23
405,22,23,12,82,56,12,12,21,105,12,12,23
406,21,23,12,83,56,12,12,23,103,12,12,24
407,21,23,12,83,56,12,12,23,103,12,12,24
408,22,23,12,82,57,12,12,22,103,12,12,24
409,22,23,12,82,57,12,12,22,103,12,12,24
410,21,23,12,84,56,12,12,22,105,12,12,23
411,21,23,12,84,56,12,12,22,105,12,12,23
412,21,23,12,83,56,12,12,23,105,12,12,24
413,21,23,12,83,56,12,12,23,105,12,12,24
414,21,22,12,81,56,12,12,23,105,12,12,24
415,21,22,12,81,56,12,12,23,105,12,12,24
416,21,22,12,83,55,12,12,22,103,12,12,24
417,21,22,12,83,55,12,12,22,103,12,12,24
418,21,23,12,83,54,12,12,22,105,12,12,23
419,21,23,12,83,54,12,12,22,105,12,12,23
420,21,23,12,83,54,12,12,22,102,12,12,23
421,21,23,12,83,54,12,12,22,102,12,12,23
422,21,23,12,83,54,12,12,22,105,12,12,24
423,21,23,12,83,54,12,12,22,105,12,12,24
424,21,23,12,83,54,12,12,21,105,12,12,23
425,21,23,12,83,54,12,12,21,105,12,12,23
426,21,23,12,83,53,12,12,23,105,12,12,24
427,21,23,12,83,53,12,12,23,105,12,12,24
428,20,24,12,85,55,12,12,21,105,12,12,25
429,20,24,12,85,55,12,12,21,105,12,12,25
430,21,22,12,82,54,12,12,21,105,12,12,24
431,21,22,12,82,54,12,12,21,105,12,12,24
432,21,22,12,84,56,12,12,22,102,12,12,24
433,21,22,12,84,56,12,12,22,102,12,12,24
434,20,21,12,85,56,12,12,23,105,12,12,24
435,20,21,12,85,56,12,12,23,105,12,12,24
436,20,20,12,84,56,12,12,23,103,12,12,25
437,20,20,12,84,56,12,12,23,103,12,12,25
438,20,20,12,85,57,12,12,23,102,12,12,24
439,20,20,12,85,57,12,12,23,102,12,12,24
440,19,20,12,85,57,12,12,24,103,12,12,24
441,19,20,12,85,57,12,12,24,103,12,12,24
442,18,20,12,83,58,12,12,24,103,12,12,23
443,18,20,12,83,58,12,12,24,103,12,12,23
444,19,20,12,82,59,12,12,24,101,12,12,23
445,19,20,12,82,59,12,12,24,101,12,12,23
446,19,20,12,86,61,12,12,24,105,12,12,23
447,19,20,12,86,61,12,12,24,105,12,12,23
448,18,20,12,83,61,12,12,24,103,12,12,23
449,18,20,12,83,61,12,12,24,103,12,12,23
450,19,19,12,85,61,12,12,24,103,12,12,23
451,19,19,12,85,61,12,12,24,103,12,12,23
452,18,20,12,82,59,12,12,24,101,12,12,24
453,18,20,12,82,59,12,12,24,101,12,12,24
454,18,20,12,85,60,12,12,23,102,12,12,24
455,18,20,12,85,60,12,12,23,102,12,12,24
456,18,20,12,85,58,12,12,24,105,12,12,23
457,18,20,12,85,58,12,12,24,105,12,12,23
458,18,20,12,86,58,12,12,23,102,12,12,22
459,18,20,12,86,58,12,12,23,102,12,12,22
460,18,19,12,84,57,12,12,23,105,12,12,24
461,18,19,12,84,57,12,12,23,105,12,12,24
462,19,18,12,83,57,12,12,22,105,12,12,23
463,19,18,12,83,57,12,12,22,105,12,12,23
464,19,19,12,86,58,12,12,22,102,12,12,24
465,19,19,12,86,58,12,12,22,102,12,12,24
466,18,19,12,86,56,12,12,23,105,12,12,23
467,18,19,12,86,56,12,12,23,105,12,12,23
468,18,18,12,85,55,12,12,23,102,12,12,23
469,18,18,12,85,55,12,12,23,102,12,12,23
470,19,19,12,84,56,12,12,23,105,12,12,23
471,19,19,12,84,56,12,12,23,105,12,12,23
472,18,20,12,88,55,12,12,22,105,12,12,24
473,18,20,12,88,55,12,12,22,105,12,12,24
474,19,18,12,86,56,12,12,23,105,12,12,22
475,19,18,12,86,56,12,12,23,105,12,12,22
476,19,18,12,86,58,12,12,23,105,12,12,22
477,19,18,12,86,58,12,12,23,105,12,12,22
478,19,18,12,85,55,12,12,23,102,12,12,22
479,19,18,12,85,55,12,12,23,102,12,12,22
480,18,18,12,86,56,12,12,23,105,12,12,22
481,18,18,12,86,56,12,12,23,105,12,12,22
482,19,18,12,87,54,12,12,23,101,12,12,22
483,19,18,12,87,54,12,12,23,101,12,12,22
484,19,18,12,84,56,12,12,24,105,12,12,22
485,19,18,12,84,56,12,12,24,105,12,12,22
486,19,18,12,87,57,12,12,22,103,12,12,22
487,19,18,12,87,57,12,12,22,103,12,12,22
488,20,18,12,85,58,12,12,23,105,12,12,22
489,20,18,12,85,58,12,12,23,105,12,12,22
490,18,17,12,89,58,12,12,22,105,12,12,22
491,18,17,12,89,58,12,12,22,105,12,12,22
492,18,17,12,91,59,12,12,23,105,12,12,23
493,18,17,12,91,59,12,12,23,105,12,12,23
494,19,16,12,89,58,12,12,22,105,12,12,22
495,19,16,12,89,58,12,12,22,105,12,12,22
496,18,16,12,87,58,12,12,23,105,12,12,22
497,18,16,12,87,58,12,12,23,105,12,12,22
498,17,17,12,86,58,12,12,22,105,12,12,22
499,17,17,12,86,58,12,12,22,105,12,12,22
500,17,16,12,86,57,12,12,23,105,12,12,22
501,17,16,12,86,57,12,12,23,105,12,12,22
502,16,17,12,86,60,12,12,22,105,12,12,21
503,16,17,12,86,60,12,12,22,105,12,12,21
504,16,17,12,88,60,12,12,23,103,12,12,22
505,16,17,12,88,60,12,12,23,103,12,12,22
506,16,16,12,88,59,12,12,23,103,12,12,23
507,16,16,12,88,59,12,12,23,103,12,12,23
508,16,16,12,88,58,12,12,22,105,12,12,22
509,16,16,12,88,58,12,12,22,105,12,12,22
510,17,15,12,87,57,12,12,22,105,12,12,21
511,17,15,12,87,57,12,12,22,105,12,12,21
512,16,16,12,89,58,12,12,22,105,12,12,22
513,16,16,12,89,58,12,12,22,105,12,12,22
514,16,16,12,91,59,12,12,24,105,12,12,22
515,16,16,12,91,59,12,12,24,105,12,12,22
516,16,16,12,88,59,12,12,24,102,12,12,21
517,16,16,12,88,59,12,12,24,102,12,12,21
518,16,15,12,88,60,12,12,23,105,12,12,23
519,16,15,12,88,60,12,12,23,105,12,12,23
520,16,16,12,86,58,12,12,23,105,12,12,22
521,16,16,12,86,58,12,12,23,105,12,12,22
522,15,15,12,86,58,12,12,23,102,12,12,22
523,15,15,12,86,58,12,12,23,102,12,12,22
524,15,16,12,90,60,12,12,23,105,12,12,21
525,15,16,12,90,60,12,12,23,105,12,12,21
526,15,15,12,88,57,12,12,23,103,12,12,22
527,15,15,12,88,57,12,12,23,103,12,12,22
528,15,16,12,86,60,12,12,24,105,12,12,22
529,15,16,12,86,60,12,12,24,105,12,12,22
530,15,15,12,89,59,12,12,23,102,12,12,21
531,15,15,12,89,59,12,12,23,102,12,12,21
532,14,16,12,90,58,12,12,23,102,12,12,22
533,14,16,12,90,58,12,12,23,102,12,12,22
534,14,16,12,91,60,12,12,23,103,12,12,22
535,14,16,12,91,60,12,12,23,103,12,12,22
536,14,15,12,90,57,12,12,22,102,12,12,22
537,14,15,12,90,57,12,12,22,102,12,12,22
538,15,16,12,90,60,12,12,22,102,12,12,23
539,15,16,12,90,60,12,12,22,102,12,12,23
540,15,16,12,91,60,12,12,22,103,12,12,22
541,15,16,12,91,60,12,12,22,103,12,12,22
542,14,16,12,90,58,12,12,23,102,12,12,22
543,14,16,12,90,58,12,12,23,102,12,12,22
544,14,16,12,89,57,12,12,23,102,12,12,22
545,14,16,12,89,57,12,12,23,102,12,12,22
546,13,16,12,91,58,12,12,22,105,12,12,23
547,13,16,12,91,58,12,12,22,105,12,12,23
548,14,15,12,91,59,12,12,23,105,12,12,22
549,14,15,12,91,59,12,12,23,105,12,12,22
550,13,15,12,91,58,12,12,24,105,12,12,22
551,13,15,12,91,58,12,12,24,105,12,12,22
552,13,15,12,88,59,12,12,24,105,12,12,22
553,13,15,12,88,59,12,12,24,105,12,12,22
554,13,15,12,87,58,12,12,24,102,12,12,22
555,13,15,12,87,58,12,12,24,102,12,12,22
556,13,15,12,90,60,12,12,23,105,12,12,21
557,13,15,12,90,60,12,12,23,105,12,12,21
558,13,15,12,87,59,12,12,24,103,12,12,22
559,13,15,12,87,59,12,12,24,103,12,12,22
560,12,15,12,87,59,12,12,23,105,12,12,22
561,12,15,12,87,59,12,12,23,105,12,12,22
562,12,15,12,85,59,12,12,24,105,12,12,21
563,12,15,12,85,59,12,12,24,105,12,12,21
564,12,16,12,84,59,12,12,23,105,12,12,21
565,12,16,12,84,59,12,12,23,105,12,12,21
566,12,15,12,91,59,12,12,23,102,12,12,21
567,12,15,12,91,59,12,12,23,102,12,12,21
568,12,14,12,93,61,12,12,22,103,12,12,21
569,12,14,12,93,61,12,12,22,103,12,12,21
570,12,14,12,94,59,12,12,22,103,12,12,21
571,12,14,12,94,59,12,12,22,103,12,12,21
572,12,14,12,95,60,12,12,23,103,12,12,21
573,12,14,12,95,60,12,12,23,103,12,12,21
574,12,14,12,97,59,12,12,23,105,12,12,20
575,12,14,12,97,59,12,12,23,105,12,12,20
576,12,14,12,97,59,12,12,23,105,12,12,21
577,12,14,12,97,59,12,12,23,105,12,12,21
578,12,14,12,94,61,12,12,22,105,12,12,20
579,12,14,12,94,61,12,12,22,105,12,12,20
580,12,14,12,95,59,12,12,24,103,12,12,20
581,12,14,12,95,59,12,12,24,103,12,12,20
582,12,14,12,95,60,12,12,23,105,12,12,21
583,12,14,12,95,60,12,12,23,105,12,12,21
584,12,13,12,96,60,12,12,24,102,12,12,22
585,12,13,12,96,60,12,12,24,102,12,12,22
586,12,13,12,98,59,12,12,24,105,12,12,21
587,12,13,12,98,59,12,12,24,105,12,12,21
588,12,13,12,98,59,12,12,23,105,12,12,21
589,12,13,12,98,59,12,12,23,105,12,12,21
590,12,12,12,98,56,12,12,23,105,12,12,20
591,12,12,12,98,56,12,12,23,105,12,12,20
592,12,12,12,100,57,12,12,23,105,12,12,21
593,12,12,12,100,57,12,12,23,105,12,12,21
594,12,12,12,99,56,12,12,23,105,12,12,20
595,12,12,12,99,56,12,12,23,105,12,12,20
596,12,12,12,100,55,12,12,24,103,12,12,21
597,12,12,12,100,55,12,12,24,103,12,12,21
598,12,12,12,99,54,12,12,23,105,12,12,20
599,12,12,12,99,54,12,12,23,105,12,12,20
600,12,12,12,94,58,12,12,23,105,12,12,20
601,12,12,12,94,58,12,12,23,105,12,12,20
602,12,13,12,98,55,12,12,23,105,12,12,20
603,12,13,12,98,55,12,12,23,105,12,12,20
604,12,12,12,99,55,12,12,24,105,12,12,21
605,12,12,12,99,55,12,12,24,105,12,12,21
606,12,13,12,102,55,12,12,23,105,12,12,20
607,12,13,12,102,55,12,12,23,105,12,12,20
608,12,12,12,97,53,12,12,23,105,12,12,21
609,12,12,12,97,53,12,12,23,105,12,12,21
610,12,13,12,99,55,12,12,24,105,12,12,21
611,12,13,12,99,55,12,12,24,105,12,12,21
612,12,13,12,95,55,12,12,23,105,12,12,21
613,12,13,12,95,55,12,12,23,105,12,12,21
614,12,12,12,95,57,12,12,23,105,12,12,21
615,12,12,12,95,57,12,12,23,105,12,12,21
616,12,13,12,94,54,12,12,23,105,12,12,21
617,12,13,12,94,54,12,12,23,105,12,12,21
618,12,12,12,95,55,12,12,24,105,12,12,21
619,12,12,12,95,55,12,12,24,105,12,12,21
620,12,12,12,94,53,12,12,23,101,12,12,21
621,12,12,12,94,53,12,12,23,101,12,12,21
622,12,12,12,97,54,12,12,23,103,12,12,21
623,12,12,12,97,54,12,12,23,103,12,12,21
624,12,12,12,100,53,12,12,23,102,12,12,21
625,12,12,12,100,53,12,12,23,102,12,12,21
626,12,12,12,94,57,12,12,23,105,12,12,21
627,12,12,12,94,57,12,12,23,105,12,12,21
628,12,12,12,97,58,12,12,23,105,12,12,21
629,12,12,12,97,58,12,12,23,105,12,12,21
630,12,12,12,97,57,12,12,23,105,12,12,21
631,12,12,12,97,57,12,12,23,105,12,12,21
632,12,12,12,96,58,12,12,23,105,12,12,21
633,12,12,12,96,58,12,12,23,105,12,12,21
634,12,12,12,97,58,12,12,23,105,12,12,21
635,12,12,12,97,58,12,12,23,105,12,12,21
636,12,12,12,95,58,12,12,23,105,12,12,21
637,12,12,12,95,58,12,12,23,105,12,12,21
638,12,12,12,96,57,12,12,23,105,12,12,22
639,12,12,12,96,57,12,12,23,105,12,12,22
640,12,12,12,94,58,12,12,22,105,12,12,22
641,12,12,12,94,58,12,12,22,105,12,12,22
642,12,12,12,94,58,12,12,23,101,12,12,21
643,12,12,12,94,58,12,12,23,101,12,12,21
644,12,12,12,98,59,12,12,23,105,12,12,21
645,12,12,12,98,59,12,12,23,105,12,12,21
646,12,12,12,96,58,12,12,23,105,12,12,21
647,12,12,12,96,58,12,12,23,105,12,12,21
648,12,12,12,94,57,12,12,23,101,12,12,22
649,12,12,12,94,57,12,12,23,101,12,12,22
650,12,12,12,94,59,12,12,22,105,12,12,21
651,12,12,12,94,59,12,12,22,105,12,12,21
652,12,12,12,92,58,12,12,22,105,12,12,22
653,12,12,12,92,58,12,12,22,105,12,12,22
654,13,12,12,92,59,12,12,23,105,12,12,20
655,13,12,12,92,59,12,12,23,105,12,12,20
656,12,12,12,93,60,12,12,23,105,12,12,21
657,12,12,12,93,60,12,12,23,105,12,12,21
658,12,12,12,93,60,12,12,23,101,12,12,21
659,12,12,12,93,60,12,12,23,101,12,12,21
660,12,12,12,95,61,12,12,22,102,12,12,22
661,12,12,12,95,61,12,12,22,102,12,12,22
662,12,12,12,94,60,12,12,22,102,12,12,22
663,12,12,12,94,60,12,12,22,102,12,12,22
664,13,12,12,95,60,12,12,22,102,12,12,22
665,13,12,12,95,60,12,12,22,102,12,12,22
666,12,12,12,96,59,12,12,22,102,12,12,22
667,12,12,12,96,59,12,12,22,102,12,12,22
668,12,12,12,98,58,12,12,23,105,12,12,22
669,12,12,12,98,58,12,12,23,105,12,12,22
670,12,12,12,98,60,12,12,22,105,12,12,21
671,12,12,12,98,60,12,12,22,105,12,12,21
672,12,12,12,95,60,12,12,22,102,12,12,22
673,12,12,12,95,60,12,12,22,102,12,12,22
674,12,12,12,94,59,12,12,22,102,12,12,22
675,12,12,12,94,59,12,12,22,102,12,12,22
676,12,12,12,92,59,12,12,23,105,12,12,21
677,12,12,12,92,59,12,12,23,105,12,12,21
678,12,12,12,91,60,12,12,24,105,12,12,21
679,12,12,12,91,60,12,12,24,105,12,12,21
680,12,12,12,93,59,12,12,24,105,12,12,21
681,12,12,12,93,59,12,12,24,105,12,12,21
682,12,12,12,95,58,12,12,23,105,12,12,21
683,12,12,12,95,58,12,12,23,105,12,12,21
684,12,12,12,92,57,12,12,23,105,12,12,21
685,12,12,12,92,57,12,12,23,105,12,12,21
686,12,12,12,92,58,12,12,23,105,12,12,21
687,12,12,12,92,58,12,12,23,105,12,12,21
688,12,12,12,92,60,12,12,23,103,12,12,21
689,12,12,12,92,60,12,12,23,103,12,12,21
690,12,12,12,91,59,12,12,24,102,12,12,21
691,12,12,12,91,59,12,12,24,102,12,12,21
692,12,12,12,93,59,12,12,22,105,12,12,20
693,12,12,12,93,59,12,12,22,105,12,12,20
694,12,12,12,93,60,12,12,23,103,12,12,20
695,12,12,12,93,60,12,12,23,103,12,12,20
696,12,12,12,91,59,12,12,23,105,12,12,20
697,12,12,12,91,59,12,12,23,105,12,12,20
698,12,12,12,95,58,12,12,24,105,12,12,20
699,12,12,12,95,58,12,12,24,105,12,12,20
700,12,12,12,93,59,12,12,23,105,12,12,21
701,12,12,12,93,59,12,12,23,105,12,12,21
702,12,12,12,92,59,12,12,23,102,12,12,20
703,12,12,12,92,59,12,12,23,102,12,12,20
704,12,12,12,90,58,12,12,23,103,12,12,20
705,12,12,12,90,58,12,12,23,103,12,12,20
706,12,12,12,93,59,12,12,23,103,12,12,21
707,12,12,12,93,59,12,12,23,103,12,12,21
708,12,12,12,94,58,12,12,23,105,12,12,20
709,12,12,12,94,58,12,12,23,105,12,12,20
710,12,12,12,96,57,12,12,24,105,12,12,20
711,12,12,12,96,57,12,12,24,105,12,12,20
712,12,12,12,95,60,12,12,23,105,12,12,21
713,12,12,12,95,60,12,12,23,105,12,12,21
714,12,12,12,94,60,12,12,24,103,12,12,20
715,12,12,12,94,60,12,12,24,103,12,12,20
716,12,12,12,92,59,12,12,24,105,12,12,21
717,12,12,12,92,59,12,12,24,105,12,12,21
718,12,12,12,91,59,12,12,24,102,12,12,21
719,12,12,12,91,59,12,12,24,102,12,12,21
720,12,12,12,93,59,12,12,24,103,12,12,20
721,12,12,12,93,59,12,12,24,103,12,12,20
722,12,12,12,95,59,12,12,23,105,12,12,21
723,12,12,12,95,59,12,12,23,105,12,12,21
724,12,12,12,92,60,12,12,24,105,12,12,21
725,12,12,12,92,60,12,12,24,105,12,12,21
726,12,12,12,92,61,12,12,23,105,12,12,21
727,12,12,12,92,61,12,12,23,105,12,12,21
728,12,12,12,91,62,12,12,22,105,12,12,20
729,12,12,12,91,62,12,12,22,105,12,12,20
730,12,12,12,90,62,12,12,24,105,12,12,20
731,12,12,12,90,62,12,12,24,105,12,12,20
732,12,12,12,89,62,12,12,23,103,12,12,20
733,12,12,12,89,62,12,12,23,103,12,12,20
734,12,12,12,91,62,12,12,23,103,12,12,19
735,12,12,12,91,62,12,12,23,103,12,12,19
736,12,12,12,93,61,12,12,23,105,12,12,20
737,12,12,12,93,61,12,12,23,105,12,12,20
738,12,12,12,92,60,12,12,24,105,12,12,20
739,12,12,12,92,60,12,12,24,105,12,12,20
740,12,12,12,92,62,12,12,24,105,12,12,20
741,12,12,12,92,62,12,12,24,105,12,12,20
742,12,12,12,91,62,12,12,24,103,12,12,19
743,12,12,12,91,62,12,12,24,103,12,12,19
744,12,12,12,89,63,12,12,24,102,12,12,20
745,12,12,12,89,63,12,12,24,102,12,12,20
746,12,12,12,91,64,12,12,23,105,12,12,20
747,12,12,12,91,64,12,12,23,105,12,12,20
748,12,12,12,90,62,12,12,24,105,12,12,20
749,12,12,12,90,62,12,12,24,105,12,12,20
750,12,12,12,88,61,12,12,24,105,12,12,19
751,12,12,12,88,61,12,12,24,105,12,12,19
752,12,12,12,90,60,12,12,24,105,12,12,19
753,12,12,12,90,60,12,12,24,105,12,12,19
754,12,12,12,90,61,12,12,23,105,12,12,19
755,12,12,12,90,61,12,12,23,105,12,12,19
756,12,12,12,90,60,12,12,23,105,12,12,19
757,12,12,12,90,60,12,12,23,105,12,12,19
758,12,12,12,90,60,12,12,23,105,12,12,20
759,12,12,12,90,60,12,12,23,105,12,12,20
760,12,12,12,89,60,12,12,23,105,12,12,20
761,12,12,12,89,60,12,12,23,105,12,12,20
762,12,12,12,90,60,12,12,24,105,12,12,20
763,12,12,12,90,60,12,12,24,105,12,12,20
764,12,12,12,89,61,12,12,25,105,12,12,20
765,12,12,12,89,61,12,12,25,105,12,12,20
766,12,12,12,91,60,12,12,23,102,12,12,19
767,12,12,12,91,60,12,12,23,102,12,12,19
768,12,12,12,90,60,12,12,23,105,12,12,20
769,12,12,12,90,60,12,12,23,105,12,12,20
770,12,12,12,92,60,12,12,23,105,12,12,19
771,12,12,12,92,60,12,12,23,105,12,12,19
772,12,12,12,93,60,12,12,24,102,12,12,19
773,12,12,12,93,60,12,12,24,102,12,12,19
774,12,12,12,91,59,12,12,25,102,12,12,20
775,12,12,12,91,59,12,12,25,102,12,12,20
776,12,12,12,94,61,12,12,24,105,12,12,19
777,12,12,12,94,61,12,12,24,105,12,12,19
778,12,12,12,91,60,12,12,25,103,12,12,20
779,12,12,12,91,60,12,12,25,103,12,12,20
780,12,12,12,92,59,12,12,24,105,12,12,20
781,12,12,12,92,59,12,12,24,105,12,12,20
782,12,12,12,92,61,12,12,25,105,12,12,20
783,12,12,12,92,61,12,12,25,105,12,12,20
784,12,12,12,90,61,12,12,23,105,12,12,20
785,12,12,12,90,61,12,12,23,105,12,12,20
786,12,12,12,90,62,12,12,24,102,12,12,19
787,12,12,12,90,62,12,12,24,102,12,12,19
788,12,12,12,92,63,12,12,25,105,12,12,20
789,12,12,12,92,63,12,12,25,105,12,12,20
790,12,12,12,92,64,12,12,23,103,12,12,19
791,12,12,12,92,64,12,12,23,103,12,12,19
792,12,12,12,91,62,12,12,23,103,12,12,19
793,12,12,12,91,62,12,12,23,103,12,12,19
794,12,12,12,91,62,12,12,24,102,12,12,19
795,12,12,12,91,62,12,12,24,102,12,12,19
796,12,12,12,89,64,12,12,24,103,12,12,20
797,12,12,12,89,64,12,12,24,103,12,12,20
798,12,12,12,89,64,12,12,23,105,12,12,20
799,12,12,12,89,64,12,12,23,105,12,12,20
800,12,12,12,89,63,12,12,24,105,12,12,20
